% data1d - one dimensional data
x = [21, 8, 26, 28, 14, 37, 37, 25, 28, 27, 23, 32, 19, 47, 24, 26, 36, 26, 24, 17, 28, 12, 32, 41, 18, 34, 38, 9, 11, 31, 21, 32, 33, 32, 38, 32, 37, 13, 25, 23, 9, 28, 14, 39, 17, 30, 27, 16, 3, 24, 15, 31, 30, 42, 31, 19, 29, 15, 25, 25, 25, 22, 36, 6, 29, 34, 32, 31, 25, 32, 31, 22, 21, 22, 10, 23, 26, 28, 39, 21, 31, 33, 34, 15, 27, 27, 15, 18, 36, 24, 29, 26, 19, 19, 29, 16, 33, 31, 17, 22, 13, 3, 35, 20, 28, 27, 25, 15, 16, 21, 13, 14, 40, 26, 13, 25, 14, 12, 22, 35, 26, 32, 13, 20, 22, 13, 12, 34, 25, 19, 33, 27, 15, 38, 28, 40, 36, 18, 12, 24, 22, 17, 30, 40, 20, 17, 23, 32, 16, 13, 39, 39, 45, 34, 39, 36, 39, 55, 34, 27, 45, 31, 40, 34, 45, 46, 38, 19, 41, 56, 50, 24, 39, 33, 30, 28, 43, 36, 41, 36, 35, 44, 47, 61, 26, 30, 50, 36, 26, 43, 56, 47, 60, 45, 59, 37, 29, 38, 52, 29, 46, 34, 46, 29, 41, 20, 35, 45, 37, 52, 34, 17, 28, 51, 39, 44, 49, 19, 34, 33, 30, 38, 55, 40, 52, 33, 40, 32, 46, 37, 45, 47, 39, 49, 63, 45, 40, 49, 41, 29, 45, 40, 37, 53, 59, 35, 41, 32, 47, 16, 50, 42, 43, 52, 37, 39, 27, 23, 33, 43, 35, 27, 51, 33, 40, 40, 38, 44, 37, 23, 30, 42, 27, 37, 31, 28, 30, 36, 42, 39, 51, 38, 25, 40, 41, 43, 45, 53, 35, 43, 40, 34, 61, 37, 26, 58, 43, 29, 46, 53, 31, 41, 39, 28, 52, 40, 45, 33, 33, 43, 41, 58, 37, 62, 55, 21, 23, 34, 38, 40, 48, 33, 33, 38, 40, 43, 51, 46, 22, 47, 48, 46, 53, 43, 33, 39, 16, 45, 41, 34, 33, 29, 40, 44, 37, 35, 40, 38, 30, 53, 44, 53, 35, 29, 48, 40, 32, 39, 20, 51, 30, 33, 53, 31, 36, 35, 56, 41, 29, 29, 57, 59, 56, 27, 38, 38, 43, 34, 30, 36, 51, 64, 42, 37, 47, 35, 59, 51, 28, 33, 53, 44, 44, 23, 42, 47, 34, 30, 38, 29, 49, 54, 71, 53, 42, 75, 62, 53, 60, 42, 63, 54, 59, 34, 73, 57, 21, 57, 69, 60, 71, 70, 36, 15, 77, 56, 50, 44, 27, 53, 29, 37, 47, 61, 56, 30, 72, 50, 78, 32, 38, 38, 48, 35, 36, 14, 37, 54, 47, 47, 48, 53, 42, 39, 58, 44, 53, 36, 48, 61, 37, 52, 46, 49, 45, 19, 48, 71, 60, 44, 40, 54, 44, 42, 51, 69, 12, 59, 35, 64, 14, 47, 51, 44, 47, 27, 33, 38, 55, 41, 73, 52, 22, 43, 40, 52, 47, 46, 39, 49, 28, 59, 30, 40, 48, 54, 49, 76, 74, 59, 51, 38, 43, 29, 44, 43, 76, 61, 51, 46, 51, 61, 84, 55, 63, 60, 58, 65, 69, 51, 45, 53, 65, 68, 42, 64, 47, 45, 58, 64, 41, 28, 49, 58, 51, 74, 45, 62, 38, 31, 60, 29, 30, 41, 28, 58, 46, 31, 37, 35, 49, 14, 40, 29, 55, 59, 52, 48, 10, 50, 37, 46, 45, 33, 59, 54, 45, 63, 74, 33, 50, 33, 61, 58, 42, 42, 39, 64, 46, 48, 31, 55, 90, 54, 29, 54, 28, 52, 25, 61, 67, 73, 71, 39, 57, 64, 34, 53, 61, 31, 36, 62, 50, 58, 70, 57, 38, 61, 47, 38, 81, 51, 36, 60, 75, 59, 62, 52, 48, 63, 47, 51, 42, 40, 46, 32, 54, 52, 49, 16, 42, 54, 56, 53, 49, 26, 55, 48, 57, 59, 49, 55, 45, 45, 44, 36, 54, 69, 41, 42, 61, 51, 73, 24, 34, 39, 83, 56, 43, 50, 45, 65, 50, 62, 61, 47, 48, 52, 38, 46, 49, 35, 64, 33, 39, 32, 66, 40, 24, 62, 72, 60, 52, 37, 39, 68, 67, 41, 62, 53, 44, 38, 54, 23, 26, 80, 49, 89, 46, 53, 64, 47, 42, 71, 37, 62, 42, 61, 63, 38, 58, 65, 34, 55, 49, 32, 46, 48, 34, 21, 36, 50, 24, 69, 41, 19, 52, 72, 51, 52, 50, 53, 63, 53, 61, 58, 52, 54, 35, 36, 70, 72, 66, 74, 71, 84, 72, 63, 72, 72, 67, 71, 67, 70, 72, 76, 74, 57, 71, 74, 70, 74, 74, 77, 76, 75, 62, 65, 73, 65, 67, 73, 70, 75, 63, 72, 62, 63, 71, 69, 64, 69, 67, 66, 71, 63, 72, 60, 73, 72, 74, 67, 73, 65, 74, 59, 71, 66, 66, 71, 68, 75, 69, 75, 68, 70, 72, 76, 73, 69, 63, 67, 72, 65, 71, 76, 71, 71, 72, 76, 77, 65, 71, 73, 69, 82, 74, 66, 74, 74, 74, 61, 78, 62, 76, 64, 72, 75, 74, 70, 65, 69, 66, 62, 65, 73, 73, 68, 70, 72, 71, 71, 80, 59, 72, 71, 73, 67, 74, 71, 74, 75, 77, 70, 77, 71, 63, 69, 67, 61, 68, 67, 74, 72, 74, 71, 69, 70, 71, 76, 74, 63, 71, 69, 73, 68, 76, 69, 63, 77, 72, 73, 67, 74, 59, 75, 70, 62, 64, 71, 71, 65, 68, 77, 68, 70, 74, 74, 71, 62, 62, 72, 66, 73, 63, 72, 73, 72, 65, 68, 72, 62, 66, 65, 75, 79, 74, 66, 71, 69, 66, 72, 71, 64, 67, 69, 73, 64, 67, 68, 75, 79, 77, 75, 72, 70, 63, 68, 70, 71, 65, 67, 73, 64, 66, 71, 78, 65, 73, 66, 68, 67, 76, 74, 59, 68, 73, 62, 69, 68, 72, 66, 70, 67, 63, 68, 68, 69, 68, 62, 75, 77, 69, 66, 71, 68, 70, 61, 78, 72];
y = [1, 1, 1, 1, 1, 1, 1, 1, 1, 1, 1, 1, 1, 1, 1, 1, 1, 1, 1, 1, 1, 1, 1, 1, 1, 1, 1, 1, 1, 1, 1, 1, 1, 1, 1, 1, 1, 1, 1, 1, 1, 1, 1, 1, 1, 1, 1, 1, 1, 1, 1, 1, 1, 1, 1, 1, 1, 1, 1, 1, 1, 1, 1, 1, 1, 1, 1, 1, 1, 1, 1, 1, 1, 1, 1, 1, 1, 1, 1, 1, 1, 1, 1, 1, 1, 1, 1, 1, 1, 1, 1, 1, 1, 1, 1, 1, 1, 1, 1, 1, 1, 1, 1, 1, 1, 1, 1, 1, 1, 1, 1, 1, 1, 1, 1, 1, 1, 1, 1, 1, 1, 1, 1, 1, 1, 1, 1, 1, 1, 1, 1, 1, 1, 1, 1, 1, 1, 1, 1, 1, 1, 1, 1, 1, 1, 1, 1, 1, 1, 1, 2, 2, 2, 2, 2, 2, 2, 2, 2, 2, 2, 2, 2, 2, 2, 2, 2, 2, 2, 2, 2, 2, 2, 2, 2, 2, 2, 2, 2, 2, 2, 2, 2, 2, 2, 2, 2, 2, 2, 2, 2, 2, 2, 2, 2, 2, 2, 2, 2, 2, 2, 2, 2, 2, 2, 2, 2, 2, 2, 2, 2, 2, 2, 2, 2, 2, 2, 2, 2, 2, 2, 2, 2, 2, 2, 2, 2, 2, 2, 2, 2, 2, 2, 2, 2, 2, 2, 2, 2, 2, 2, 2, 2, 2, 2, 2, 2, 2, 2, 2, 2, 2, 2, 2, 2, 2, 2, 2, 2, 2, 2, 2, 2, 2, 2, 2, 2, 2, 2, 2, 2, 2, 2, 2, 2, 2, 2, 2, 2, 2, 2, 2, 2, 2, 2, 2, 2, 2, 2, 2, 2, 2, 2, 2, 2, 2, 2, 2, 2, 2, 2, 2, 2, 2, 2, 2, 2, 2, 2, 2, 2, 2, 2, 2, 2, 2, 2, 2, 2, 2, 2, 2, 2, 2, 2, 2, 2, 2, 2, 2, 2, 2, 2, 2, 2, 2, 2, 2, 2, 2, 2, 2, 2, 2, 2, 2, 2, 2, 2, 2, 2, 2, 2, 2, 2, 2, 2, 2, 2, 2, 2, 2, 2, 2, 2, 2, 2, 2, 2, 2, 2, 2, 2, 2, 2, 2, 2, 2, 2, 2, 2, 2, 2, 2, 2, 2, 2, 2, 2, 2, 2, 2, 2, 2, 2, 2, 2, 2, 2, 2, 3, 3, 3, 3, 3, 3, 3, 3, 3, 3, 3, 3, 3, 3, 3, 3, 3, 3, 3, 3, 3, 3, 3, 3, 3, 3, 3, 3, 3, 3, 3, 3, 3, 3, 3, 3, 3, 3, 3, 3, 3, 3, 3, 3, 3, 3, 3, 3, 3, 3, 3, 3, 3, 3, 3, 3, 3, 3, 3, 3, 3, 3, 3, 3, 3, 3, 3, 3, 3, 3, 3, 3, 3, 3, 3, 3, 3, 3, 3, 3, 3, 3, 3, 3, 3, 3, 3, 3, 3, 3, 3, 3, 3, 3, 3, 3, 3, 3, 3, 3, 3, 3, 3, 3, 3, 3, 3, 3, 3, 3, 3, 3, 3, 3, 3, 3, 3, 3, 3, 3, 3, 3, 3, 3, 3, 3, 3, 3, 3, 3, 3, 3, 3, 3, 3, 3, 3, 3, 3, 3, 3, 3, 3, 3, 3, 3, 3, 3, 3, 3, 3, 3, 3, 3, 3, 3, 3, 3, 3, 3, 3, 3, 3, 3, 3, 3, 3, 3, 3, 3, 3, 3, 3, 3, 3, 3, 3, 3, 3, 3, 3, 3, 3, 3, 3, 3, 3, 3, 3, 3, 3, 3, 3, 3, 3, 3, 3, 3, 3, 3, 3, 3, 3, 3, 3, 3, 3, 3, 3, 3, 3, 3, 3, 3, 3, 3, 3, 3, 3, 3, 3, 3, 3, 3, 3, 3, 3, 3, 3, 3, 3, 3, 3, 3, 3, 3, 3, 3, 3, 3, 3, 3, 3, 3, 3, 3, 3, 3, 3, 3, 3, 3, 3, 3, 3, 3, 3, 3, 3, 3, 3, 3, 3, 3, 3, 3, 3, 3, 3, 3, 3, 3, 3, 3, 3, 3, 3, 3, 3, 3, 3, 3, 3, 3, 3, 3, 3, 3, 3, 3, 3, 3, 3, 3, 3, 3, 3, 3, 3, 3, 3, 3, 3, 3, 3, 3, 3, 3, 3, 3, 3, 3, 3, 3, 3, 3, 3, 3, 3, 3, 3, 3, 3, 3, 3, 3, 3, 3, 3, 3, 3, 3, 3, 3, 3, 3, 3, 3, 3, 3, 3, 3, 3, 3, 3, 3, 3, 3, 3, 3, 4, 4, 4, 4, 4, 4, 4, 4, 4, 4, 4, 4, 4, 4, 4, 4, 4, 4, 4, 4, 4, 4, 4, 4, 4, 4, 4, 4, 4, 4, 4, 4, 4, 4, 4, 4, 4, 4, 4, 4, 4, 4, 4, 4, 4, 4, 4, 4, 4, 4, 4, 4, 4, 4, 4, 4, 4, 4, 4, 4, 4, 4, 4, 4, 4, 4, 4, 4, 4, 4, 4, 4, 4, 4, 4, 4, 4, 4, 4, 4, 4, 4, 4, 4, 4, 4, 4, 4, 4, 4, 4, 4, 4, 4, 4, 4, 4, 4, 4, 4, 4, 4, 4, 4, 4, 4, 4, 4, 4, 4, 4, 4, 4, 4, 4, 4, 4, 4, 4, 4, 4, 4, 4, 4, 4, 4, 4, 4, 4, 4, 4, 4, 4, 4, 4, 4, 4, 4, 4, 4, 4, 4, 4, 4, 4, 4, 4, 4, 4, 4, 4, 4, 4, 4, 4, 4, 4, 4, 4, 4, 4, 4, 4, 4, 4, 4, 4, 4, 4, 4, 4, 4, 4, 4, 4, 4, 4, 4, 4, 4, 4, 4, 4, 4, 4, 4, 4, 4, 4, 4, 4, 4, 4, 4, 4, 4, 4, 4, 4, 4, 4, 4, 4, 4, 4, 4, 4, 4, 4, 4, 4, 4, 4, 4, 4, 4, 4, 4, 4, 4, 4, 4, 4, 4, 4, 4, 4, 4, 4, 4, 4, 4, 4, 4, 4, 4, 4, 4, 4, 4, 4, 4, 4, 4, 4, 4, 4, 4, 4, 4];
