% data2d - Two dimensional data
x = [38, 28, 39, 22, 44, 24, 25, 19, 29, 15, 18, 29, 31, 22, 19, 32, 8, 33, 25, 21, 14, 24, 28, 21, 25, 30, 18, 23, 23, 18, 26, 17, 24, 24, 12, 19, 22, 38, 45, 17, 34, 24, 37, 9, 32, 21, 27, 35, 32, 21, 32, 26, 0, 13, 34, 16, 37, 32, 0, 13, 8, 46, 36, 40, 46, 29, 39, 34, 16, 32, 30, 15, 24, 38, 30, 15, 24, 47, 34, 34, 17, 44, 17, 25, 27, 26, 31, 31, 39, 27, 24, 39, 23, 20, 37, 7, 11, 33, 20, 22, 16, 22, 12, 20, 29, 22, 41, 21, 36, 24, 20, 15, 38, 22, 29, 23, 24, 13, 31, 30, 38, 31, 45, 15, 11, 16, 32, 33, 14, 34, 14, 29, 51, 41, 10, 34, 25, 33, 19, 11, 35, 9, 31, 31, 38, 23, 27, 27, 5, 22, 60, 16, 47, 52, 35, 19, 39, 31, 29, 58, 41, 25, 32, 36, 37, 51, 47, 57, 33, 47, 49, 5, 35, 43, 47, 34, 59, 42, 51, 41, 55, 53, 57, 54, 34, 69, 38, 55, 51, 54, 61, 21, 58, 45, 46, 14, 23, 41, 58, 8, 10, 28, 31, 30, 40, 47, 43, 23, 30, 12, 36, 62, 37, 53, 47, 58, 20, 39, 13, 43, 68, 29, 38, 43, 49, 64, 53, 17, 61, 13, 68, 49, 23, 18, 41, 43, 47, 35, 44, 21, 52, 28, 64, 28, 46, 16, 14, 35, 36, 38, 38, 54, 39, 28, 58, 35, 26, 56, 33, 59, 28, 65, 22, 44, 36, 58, 54, 43, 14, 36, 32, 15, 7, 49, 43, 69, 21, 39, 49, 15, 30, 21, 32, 26, 62, 40, 36, 39, 16, 12, 54, 40, 42, 45, 33, 23, 73, 21, 43, 45, 40, 51, 17, 58, 39, 26, 30, 25, 62, 40, 21, 27, 34, 17, 56, 51, 49, 25, 25, 57, 31, 36, 18, 48, 35, 39, 26, 61, 28, 39, 55, 23, 13, 43, 29, 53, 40, 28, 53, 45, 63, 41, 34, 39, 41, 47, 23, 57, 56, 52, 48, 38, 39, 42, 54, 5, 62, 29, 37, 33, 60, 19, 6, 58, 22, 25, 42, 41, 31, 41, 44, 34, 32, 49, 12, 49, 10, 19, 40, 30, 23, 35, 51, 48, 7, 28, 50, 18, 50, 55, 26, 50, 43, 44, 45, 61, 67, 41, 75, 37, 64, 36, 1, 17, 44, 23, 60, 42, 87, 45, 52, 75, 48, 65, 39, 28, 56, 39, 42, 37, 40, 31, 61, 34, 61, 68, 51, 70, 65, 37, 69, 45, 81, 16, 61, 50, 27, 64, 53, 60, 67, 19, 50, 78, 34, 21, 63, 38, 13, 65, 51, 18, 78, 47, 95, 43, 47, 12, 87, 69, 37, 63, 40, 78, 33, 66, 26, 83, 39, 40, 72, 56, 32, 58, 59, 47, 31, 55, 64, 40, 36, 50, 71, 58, 53, 59, 38, 51, 42, 35, 80, 32, 83, 58, 51, 46, 0, 18, 69, 60, 34, 50, 37, 16, 60, 70, 62, 91, 53, 56, 16, 57, 40, 87, 37, 69, 34, 80, 71, 51, 23, 57, 45, 61, 55, 99, 52, 44, 62, 30, 44, 70, 93, 51, 57, 70, 64, 82, 59, 35, 56, 33, 23, 44, 43, 10, 79, 45, 55, 44, 70, 70, 40, 40, 41, 47, 56, 69, 59, 61, 67, 17, 43, 74, 21, 32, 0, 58, 31, 62, 65, 27, 40, 53, 88, 37, 70, 79, 41, 59, 33, 61, 35, 94, 61, 44, 49, 69, 80, 75, 23, 36, 58, 64, 69, 56, 35, 29, 26, 64, 43, 86, 81, 62, 80, 37, 48, 99, 80, 47, 52, 41, 65, 63, 72, 40, 46, 39, 24, 37, 40, 56, 31, 67, 94, 81, 62, 72, 49, 41, 27, 59, 61, 74, 84, 58, 54, 72, 83, 48, 38, 39, 55, 23, 74, 1, 89, 47, 43, 77, 77, 52, 76, 55, 4, 56, 66, 48, 16, 54, 38, 58, 63, 56, 61, 48, 48, 35, 35, 70, 51, 59, 59, 68, 36, 77, 71, 28, 59, 34, 44, 48, 19, 35, 77, 34, 74, 17, 47, 74, 17, 63, 79, 39, 57, 48, 68, 42, 30, 87, 33, 56, 37, 78, 37, 46, 75, 0, 42, 75, 44, 39, 43, 33, 92, 60, 60, 64, 48, 77, 56, 65, 65, 37, 45, 52, 66, 64, 19, 60, 34, 65, 50, 51, 93, 80, 35, 77, 43, 60, 61, 53, 24, 33, 61, 38, 72, 48, 53, 46, 75, 78, 75, 85, 84, 80, 80, 92, 81, 77, 85, 88, 80, 74, 82, 84, 79, 84, 84, 77, 77, 86, 75, 87, 76, 81, 80, 77, 94, 85, 72, 76, 75, 73, 79, 85, 72, 91, 84, 77, 82, 86, 81, 77, 75, 74, 80, 86, 81, 94, 74, 78, 86, 86, 74, 81, 84, 76, 80, 80, 87, 83, 82, 81, 77, 88, 80, 76, 89, 77, 82, 76, 80, 84, 72, 91, 77, 74, 81, 78, 76, 78, 89, 75, 76, 78, 82, 82, 76, 79, 78, 81, 83, 78, 80, 79, 86, 81, 75, 81, 80, 76, 80, 70, 83, 71, 75, 84, 79, 77, 78, 81, 87, 80, 78, 82, 82, 87, 82, 78, 83, 78, 75, 86, 90, 81, 69, 79, 82, 72, 82, 91, 81, 86, 82, 81, 80, 87, 75, 80, 70, 79, 74, 81, 84, 88, 85, 79, 80, 83, 83, 75, 81, 84, 79, 83, 75, 88, 73, 71, 76, 81, 85, 81, 83, 73, 77, 86, 75, 76, 84, 81, 75, 77, 86, 81, 76, 70, 81, 78, 69, 78, 84, 69, 77, 80, 87, 72, 75, 76, 81, 73, 83, 79, 72, 84, 73, 79, 82, 86, 80, 75, 89, 74, 74, 77, 80, 76, 82, 84, 79, 83, 78, 73, 77, 86, 78, 73, 88, 81, 91, 66, 75, 80, 82, 85, 72, 82, 84, 89, 76, 80, 70, 83, 87, 73, 81, 78, 72, 85, 73, 78, 75, 78, 81, 82, 80, 80, 85, 83;
